---
build/images/5374_image.png: 2017-11-21 13:09:33.033527000 +00:00
build/images/ogp.png: 2017-11-21 13:09:52.097527000 +00:00
build/images/arrow_simple.png: 2017-11-21 13:09:10.865527000 +00:00
build/images/5374_image_01.png: 2017-11-21 13:09:25.389527000 +00:00
build/images/5374_image_02.png: 2017-11-21 13:09:22.277527000 +00:00
build/images/5374_image_03.png: 2017-11-21 13:09:13.197527000 +00:00
build/images/5374_image_03_crop.png: 2017-11-21 13:09:24.901527000 +00:00
build/images/arrow_circle.png: 2017-11-21 13:09:10.837527000 +00:00
build/images/logo.png: 2017-11-21 13:09:12.409527000 +00:00
